              precision    recall  f1-score   support

           0     0.7123    0.6753    0.6933        77
           1     0.6719    0.6719    0.6719        64
           2     0.6875    0.7097    0.6984        31
           3     0.9375    0.7500    0.8333        20
           4     0.7067    0.7910    0.7465        67
           5     0.9432    0.9540    0.9486        87
           6     1.0000    0.1053    0.1905        19
           7     0.7364    0.7297    0.7330       111
           8     0.5745    0.5000    0.5347        54
           9     0.9612    0.9466    0.9538       131
          10     0.9655    0.9655    0.9655        29
          11     0.8125    0.6842    0.7429        57
          12     0.7049    0.6324    0.6667        68
          13     0.8155    0.7059    0.7568       119
          14     0.8791    0.8163    0.8466        98
          15     0.8750    0.4667    0.6087        15
          16     0.6667    0.7869    0.7218       122
          17     0.7333    0.5789    0.6471        19
          18     0.8407    0.9500    0.8920       100
          19     0.8113    0.7963    0.8037       108
          20     0.8065    0.8333    0.8197        30
          21     0.8667    0.8667    0.8667       135
          22     0.5541    0.7321    0.6308        56
          23     0.9597    0.9636    0.9616       247
          24     0.4928    0.6667    0.5667        51
          25     0.8971    0.9531    0.9242        64
          26     1.0000    1.0000    1.0000        21

    accuracy                         0.8040      2000
   macro avg     0.8005    0.7493    0.7565      2000
weighted avg     0.8117    0.8040    0.8019      2000
