              precision    recall  f1-score   support

           0     0.4607    0.5325    0.4940        77
           1     0.5250    0.3281    0.4038        64
           2     0.3333    0.0323    0.0588        31
           3     0.6923    0.4500    0.5455        20
           4     0.3646    0.5224    0.4294        67
           5     0.9600    0.8276    0.8889        87
           6     0.3333    0.0526    0.0909        19
           7     0.2449    0.3243    0.2791       111
           8     0.2778    0.0926    0.1389        54
           9     0.6083    0.5573    0.5817       131
          10     0.7500    0.2069    0.3243        29
          11     0.3393    0.3333    0.3363        57
          12     0.2857    0.2353    0.2581        68
          13     0.5455    0.3529    0.4286       119
          14     0.7475    0.7551    0.7513        98
          15     0.3571    0.3333    0.3448        15
          16     0.4941    0.3443    0.4058       122
          17     0.3636    0.2105    0.2667        19
          18     0.7356    0.6400    0.6845       100
          19     0.4084    0.7222    0.5217       108
          20     0.4615    0.2000    0.2791        30
          21     0.4415    0.6148    0.5139       135
          22     0.3529    0.4286    0.3871        56
          23     0.6643    0.7530    0.7059       247
          24     0.1944    0.2745    0.2276        51
          25     0.7727    0.7969    0.7846        64
          26     0.7200    0.8571    0.7826        21

    accuracy                         0.5130      2000
   macro avg     0.4976    0.4362    0.4413      2000
weighted avg     0.5250    0.5130    0.5032      2000
