              precision    recall  f1-score   support

           0     0.5814    0.6494    0.6135        77
           1     0.7857    0.5156    0.6226        64
           2     0.7308    0.6129    0.6667        31
           3     0.8750    0.7000    0.7778        20
           4     0.6575    0.7164    0.6857        67
           5     0.9101    0.9310    0.9205        87
           6     0.6667    0.1053    0.1818        19
           7     0.4780    0.7838    0.5939       111
           8     0.4583    0.4074    0.4314        54
           9     0.8873    0.9618    0.9231       131
          10     1.0000    0.7931    0.8846        29
          11     0.7917    0.6667    0.7238        57
          12     0.5811    0.6324    0.6056        68
          13     0.8148    0.7395    0.7753       119
          14     0.7596    0.8061    0.7822        98
          15     0.6250    0.6667    0.6452        15
          16     0.8046    0.5738    0.6699       122
          17     0.8667    0.6842    0.7647        19
          18     0.8261    0.9500    0.8837       100
          19     0.8351    0.7500    0.7902       108
          20     0.6333    0.6333    0.6333        30
          21     0.7707    0.8963    0.8288       135
          22     0.7500    0.5893    0.6600        56
          23     0.9283    0.9433    0.9357       247
          24     0.4694    0.4510    0.4600        51
          25     0.8148    0.6875    0.7458        64
          26     1.0000    1.0000    1.0000        21

    accuracy                         0.7580      2000
   macro avg     0.7519    0.6980    0.7113      2000
weighted avg     0.7692    0.7580    0.7554      2000
